Result: 1947.6836981632682
Input: 13.351470232009888 seconds
Math: 11.808808088302612 seconds
Total: 25.1602783203125 seconds
Throughtput: 397451.88319028885 haversines/second
